981914693
1375179334
1539942439
987987334
1162088421
12548159
576994985
411522957
1489001354
953691761
507578762
1402492972
470631541
750167716
1104561852
915711850
737703662
108375482
202550399
1738076217
1887665154
2118801173
1119399015
610486506
386839851
771476364
942724790
1833488263
1466942491
1688323172
829570037
301373537
916018859
222028828
1289360871
2078107280
234576987
1866355856
342146590
1723578341
672563970
849725352
978587665
1143195511
1599893069
2083149517
2058907361
190113083
44041351
113974112
1928189300
1931706506
85291638
900104667
394709364
472131489
1671581032
1337434154
158136104
991039875
878273679
987706141
1292413412
1794292538
1209734969
434290636
1724916170
1444311956
153162844
2067062760
1020406649
825726814
769304465
1998994314
1968922326
221713886
1934660183
1880346039
411826969
1978701535
1994320152
192532621
1762924393
2079611790
1092637289
10150109
404259631
616734673
1347584264
562395735
1607774548
78374295
1550101877
752704313
1872666833
612353198
1186994949
1450099355
2056665155
1340157793
1369678468
929588156
18400960
2138982933
781098823
1987323286
213213171
568275358
1720185677
625040140
399493245
1567022181
817572761
14933990
1499150323
1910210050
25084100
1903409954
379461075
1372668364
318322042
1987235624
1451042659
1868423919
592456289
1176225844
333293469
1779451238
478841551
242474976
972125383
1848520019
1172063133
990526343
1840019304
1953161956
830365981
2053232475
373953666
403068011
530788967
773446912
1970090192
1348361729
788380902
1321756868
1111088131
813465002
1077683174
1490549207
38649718
1396005216
1330301183
1489692377
1116945487
1922757472
518434573
1450238957
1554725062
997276125
1692713933
379366797
698312496
717293418
1369893141
390848153
522971726
52775474
296596980
896925393
455843485
827385948
1670372305
278450030
28264029
311269559
1600206898
1139352160
1124734562
530406424
482417719
1163384280
1926411641
1812718902
505593010
895873480
1587992726
1024027583
198628789
995234140
2021303708
1891342723
1374600938
572132557
461152493
597010431
962980710
984124220
649785905
1259577690
1881049613
1105629391
2086963638
1403938270
1384079421
2115227667
1715207829
836802671
1107096180
692458743
1367209095
1589513899
1855843024
1146137088
1254749154
213952386
2042010569
695258232
1237979969
93155710
1690492373
1111800030
1984498433
917609663
1683932587
298167279
1514620094
499429649
1282291499
16922351
1759007339
1015857464
1122551742
1698487330
272312086
359147515
1666231349
1987519915
1195950186
625843881
532495011
415675634
67874133
240854387
1561812722
1322623287
454806773
1456339643
2017881519
1692786742
1549495354
1560890244
657103124
1386510139
331016259
193552063
1684677418
1845636353
692981712
819485269
1862558705
304505404
1835342733
837626799
2002992734
2107654819
1196774315
1521740435
1947691087
245240853
100669
332702450
660916487
67974802
573556837
75245562
1390598089
1028363610
1531585205
1260995960
573666704
933596911
674402557
1230769829
172623403
1005418816
1424321892
1857300821
703571522
2117303605
529302443
418646579
274325361
217161528
1256273378
129834447
177332700
305564045
1651574882
2125023787
550804899
1651675551
310242589
1211721386
1719650353
883799426
1286966948
962764794
1912163036
671068506
76277107
338346092
1604665417
750679664
1569115921
1777288820
1756098480
845954166
1487105994
312186354
815774123
2016408437
730832933
1090099484
86086317
1987106312
1219933931
263419017
145186709
724025165
240959156
695991608
228217069
551201745
1907712995
1947867422
1435001171
1047196295
763148569
1199680559
1718264801
839425676
1538026652
1175446571
1590105340
959658925
805251743
1198720172
1805613091
144874089
1510906527
473903566
13798878
94255812
1564003050
99885196
2081362124
636453333
363304213
79065186
1360478499
604263370
775056794
1588695568
1155465115
535286141
1389079342
442982639
1582482437
4744263
1642663198
1153263590
844169939
1033206202
181226513
286791631
1992865128
986478257
1485511804
1650994571
1131352346
848934683
2124898138
1145151225
943190495
1541417540
1245036421
877068972
30387226
1608340634
956134158
1390865725
65120356
1731190952
832077645
1220585472
118993446
73673339
1663568111
1701475883
78417603
1158747661
707255825
922587542
44470216
888482339
1209379174
2037335344
1874960596
547407330
1540846267
858829294
1396342013
1518260757
2003980519
192048860
912194650
1101533292
1069117832
942581876
562390279
2025251990
185963953
627510635
1608959295
1018041598
1848096107
1727952741
1091714937
1364180570
1281944976
1170132540
375444584
1989200801
2092720083
419914800
730199492
1154615609
309766496
457676440
1702022939
1850612763
1316505735
950881304
1221389873
1173002606
1142930164
2133584523
127052251
64564349
928682751
689442530
2089816339
1114646704
1316953165
1551291986
2132688302
1017565625
1131761079
1076919591
234262547
266222407
99568484
609707131
107939561
44804919
1029621931
838139053
1199420528
1339388427
1295815494
753959819
1042517543
464837581
1704841123
116423768
1637840187
700287639
102524643
1764892438
764851988
1031207394
306851320
707184680
2145854098
1623804486
110993018
2131058752
493886463
1242754098
1060494695
728149010
1508976505
1160063179
1337856142
1616916066
1204868098
219994425
307571472
256804978
1559382853
1603386966
1010764797
454416748
2068224547
568122272
570840516
1558581086
1268409912
673365159
1175989877
2033261900
1704572553
1482841197
592962932
1702943003
959162035
703955951
1686518107
1453048498
1946710049
599529154
33713861
1308202906
1759592334
1371570003
777635325
816976784
1591564428
1085206797
1073781763
1003463633
541110115
2084546560
1457880381
461851014
505185185
2028720897
2020432100
1773595097
554602408
1048938329
1659373349
111691313
384295879
104852634
1814634316
1343457914
808808585
1353668775
649022765
608034986
1953197930
682736626
1916237892
1565306616
2054306629
546389569
234799752
1498387409
1631596366
1308581515
354367395
25222833
1245644428
1812247776
487073847
1750829613
1693485026
360022300
1376941062
100603786
1408960629
888830763
212295100
1793256508
993683397
2026929416
989230775
1802491982
1233114544
1638253540
263043320
1038828826
173506518
31797565
456651794
80329499
578187134
691451546
1578716908
62299853
2000033062
1933084303
87522686
1098193842
1597848432
574596534
701539807
1143849810
934618834
2078480869
1244453596
196095815
819827984
1456748696
1989352324
1813511382
1336194465
831099451
1468519716
421825361
321869343
1731563037
1460654187
495375861
1763360602
1917305981
575705360
194064088
461273879
6938620
256363941
313823293
1940022924
343886628
1412017135
1390387708
918483162
2113556942
386753870
1853101996
2044554163
1631207466
2049197811
716898500
940472515
1891066487
382926234
129183332
574682290
1851445950
551008693
896551633
1435525339
2011662880
1391927494
1051402293
1781485213
1967632854
1245466382
95275444
1974571475
1501830323
409098738
1767110751
1845716951
1821115873
1010014811
616716465
1787189168
1396768681
322334813
1684259683
880492499
224048977
253674535
1820965014
2115115464
636600769
1950148346
542314107
340563072
353673391
1438865740
1776088411
217852623
683309587
680007057
1999337836
503458793
1925473439
2094613281
330546620
1279820114
356228371
2097657371
978053418
29860596
960188534
1594769883
1817049764
209473567
1917104697
1353825800
1089966067
2141153674
1607500335
763447433
2108785490
96617457
566112132
503615949
437180529
919785523
1942481690
65785292
1137638147
478307629
745792349
989492335
981766422
523782140
936621968
1312313043
1803602255
1292850339
1262486766
634172025
1322710936
75191653
81458260
992277052
284665220
1998562957
198619204
1374631287
1992232983
1806119540
2138078721
1953534826
1902736997
556707205
309667127
192433878
1476492728
104665169
258219170
466647227
582972798
1004011520
1456139563
1564739221
1527793660
245277883
729568616
1183912267
1538128223
1992055382
1818084292
713355511
2067247035
1899542553
1705632563
204428608
1750621862
1904251768
1579059895
1595371198
1562887660
1569654968
1401422376
1318141009
2126362173
1711089503
1510574887
1455371254
1815754673
1768794057
1922018481
251243823
625321929
1230674396
1815983044
5631942
1475952280
398068012
1189544209
866596855
242639747
860144854
1579952366
162403134
612203759
1138101281
366831742
215341973
894869401
1945891638
1810713171
310273413
1368062958
1064651899
1628414422
1346941484
628257755
991505661
654829090
296528780
612816071
429363923
547772603
1238138000
1660038320
216272000
1243769942
988506952
614340012
285830504
1855103807
856979759
1145975358
1287572525
1019382894
1758179117
278190158
1386214636
1973521090
1173059560
1184622626
1636750614
1483332973
405201937
553918865
964263748
1752143421
1182176620
1955769409
259488863
1478705400
421101832
688852786
2026478004
1659239833
201407458
95266356
755526127
1189914410
709606368
1041356631
897534569
1566586128
39848341
37623446
438485374
1798027458
315813605
1824700010
1624064901
1488873165
861838989
1113331867
824722490
1267040926
1667250732
1788986238
871700699
701943705
1597272000
1131189562
33165457
2018373832
1820042348
2059643461
1530130017
2021449807
7426169
138172497
1063880569
717032538
1179529128
1961415139
136135018
1219377470
1999038585
574620392
869921280
167368542
251836754
346502533
1656241707
1113675743
1459834400
333480550
233233021
979601485
2122466788
1104933720
1681545190
1572255140
88639634
1714710647
1443145325
1908681983
1626870461
825791694
1782648142
1634296630
963964191
699045063
203845520
2143493320
512976554
339980538
1215387142
364531492
914600930
2085308422
531900034
1166437685
284327308
40658094
132629780
1744161708
374138644
365862802
576279545
349121784
1470796522
110341087
1921376925
1559436157
1825051735
1217038602
1320634492
1304438548
2042830296
955798986
791251530
859310840
1654844049
995097051
855320512
20336956
1335077589
2070707654
384868448
102194872
2008532428
916768482
1268632557
145376088
957426576
1401262337
1889537797
1331565220
1767125139
318333694
1680687005
1090438014
428674782
1454580282
502390523
106242869
524135236
1823025015
1410681417
419481884
631340353
54449299
1278792724
138700754
1049546350
2134113236
159037710
237140292
2057337242
543906158
339335164
1918386023
1460674641
1607967721
2063762111
270617569
861746410
1805816260
1602182790
481387902
2124149955
1135386147
1571825916
405341089
442482781
2074216439
511583958
966618017
1749757806
1922265375
1386099901
233614511
1976714674
517408978
372315265
878777377
504038566
531352976
1115917669
413892161
1075259134
1455252833
